0 0.778549382716
1000 0.78549382716
2000 0.783179012346
3000 0.78549382716
4000 0.786265432099
5000 0.787037037037
6000 0.787808641975
7000 0.786265432099
8000 0.782407407407
9000 0.782407407407
10000 0.782407407407
11000 0.782407407407
12000 0.783179012346
13000 0.782407407407
14000 0.780864197531
15000 0.780092592593
16000 0.780864197531
17000 0.780864197531
18000 0.780864197531
19000 0.780864197531
20000 0.780092592593
21000 0.783179012346
22000 0.783179012346
23000 0.782407407407
24000 0.782407407407
25000 0.782407407407
26000 0.782407407407
27000 0.782407407407
28000 0.783179012346
29000 0.783179012346
30000 0.783179012346
31000 0.783179012346
32000 0.783179012346
33000 0.783179012346
34000 0.783179012346
35000 0.783950617284
36000 0.783950617284
37000 0.783950617284
38000 0.783950617284
39000 0.783950617284
