0 0.784722222222
1000 0.792438271605
2000 0.791666666667
3000 0.789351851852
4000 0.79475308642
5000 0.793209876543
6000 0.792438271605
7000 0.788580246914
8000 0.787808641975
9000 0.787808641975
10000 0.788580246914
11000 0.787808641975
12000 0.787808641975
13000 0.788580246914
14000 0.789351851852
15000 0.789351851852
16000 0.789351851852
17000 0.789351851852
18000 0.787808641975
19000 0.787808641975
20000 0.787808641975
21000 0.787808641975
22000 0.787808641975
23000 0.787808641975
24000 0.787808641975
25000 0.787808641975
26000 0.787808641975
27000 0.787808641975
28000 0.787808641975
29000 0.788580246914
30000 0.788580246914
31000 0.788580246914
32000 0.789351851852
33000 0.79012345679
34000 0.79012345679
35000 0.79012345679
36000 0.79012345679
37000 0.79012345679
38000 0.789351851852
39000 0.790895061728
